A = [10 20 30; 70 80 90; 20 50 70];
B = [1 2 3; 7 8 9; 2 5 7];
add = A+B;
add;
mul = A*B;
mul;
tA = A';
tA;
tB = B';
tB;